# MVE view meta data is stored in INI-file syntax.
# This file is generated, formatting will get lost.

[camera]
focal_length = 0.7682377696
pixel_aspect = 1
principal_point = 0.5 0.5
radial_distortion = -0.03087607212 -0.03457536176
rotation = 0.9999005795 0.009482901543 -0.01047745161 -0.01100146584 0.9877010584 -0.155973345 0.008869018406 0.1560726911 0.9877067208
translation = 0.08919665217 1.009711266 -0.05041862652

[view]
id = 9
name = IMG_20200622_190900
