# MVE view meta data is stored in INI-file syntax.
# This file is generated, formatting will get lost.

[camera]
focal_length = 0.7666586637
pixel_aspect = 1
principal_point = 0.5 0.5
radial_distortion = 0.05625560507 -0.2231872976
rotation = 1.000000238 0.0003447959898 -0.0001326189231 -0.000344256754 0.9999937415 0.00379363005 0.0001337648573 -0.003793780692 0.9999939203
translation = -0.0007151427562 -0.01141218934 0.005586773623

[view]
id = 8
name = IMG_20200622_190858
